Country,Year,Antibiotic_Group,S,I,R,TotalN,pS,pI,pR
Austria,2001,Carbapenems,33,0,0,33,100.0 %,0.0 %,0.0 %
Austria,2002,Carbapenems,234,0,0,234,100.0 %,0.0 %,0.0 %
Austria,2003,Carbapenems,662,0,1,663,99.8 %,0.0 %,0.2 %
Austria,2004,Carbapenems,1256,1,3,1260,99.7 %,0.1 %,0.2 %
Austria,2005,Carbapenems,1419,1,3,1423,99.7 %,0.1 %,0.2 %
Austria,2006,Carbapenems,1756,0,5,1761,99.7 %,0.0 %,0.3 %
Austria,2007,Carbapenems,2058,1,4,2063,99.8 %,0.0 %,0.2 %
Austria,2008,Carbapenems,2403,2,4,2409,99.8 %,0.1 %,0.2 %
Austria,2009,Carbapenems,2102,0,3,2105,99.9 %,0.0 %,0.1 %
Austria,2010,Carbapenems,2463,1,1,2465,99.9 %,0.0 %,0.0 %
Austria,2011,Carbapenems,2710,1,1,2712,99.9 %,0.0 %,0.0 %
Austria,2012,Carbapenems,3337,1,2,3340,99.9 %,0.0 %,0.1 %
Austria,2013,Carbapenems,4256,0,1,4257,100.0 %,0.0 %,0.0 %
Belgium,2010,Carbapenems,1014,0,0,1014,100.0 %,0.0 %,0.0 %
Belgium,2011,Carbapenems,3989,0,0,3989,100.0 %,0.0 %,0.0 %
Belgium,2012,Carbapenems,4118,0,1,4119,100.0 %,0.0 %,0.0 %
Belgium,2013,Carbapenems,4244,0,2,4246,100.0 %,0.0 %,0.0 %
Bulgaria,2001,Carbapenems,71,0,0,71,100.0 %,0.0 %,0.0 %
Bulgaria,2002,Carbapenems,94,0,0,94,100.0 %,0.0 %,0.0 %
Bulgaria,2003,Carbapenems,118,0,0,118,100.0 %,0.0 %,0.0 %
Bulgaria,2004,Carbapenems,113,0,0,113,100.0 %,0.0 %,0.0 %
Bulgaria,2005,Carbapenems,156,0,0,156,100.0 %,0.0 %,0.0 %
Bulgaria,2006,Carbapenems,149,0,0,149,100.0 %,0.0 %,0.0 %
Bulgaria,2007,Carbapenems,78,0,0,78,100.0 %,0.0 %,0.0 %
Bulgaria,2008,Carbapenems,118,0,0,118,100.0 %,0.0 %,0.0 %
Bulgaria,2009,Carbapenems,150,0,1,151,99.3 %,0.0 %,0.7 %
Bulgaria,2010,Carbapenems,146,0,0,146,100.0 %,0.0 %,0.0 %
Bulgaria,2011,Carbapenems,145,0,0,145,100.0 %,0.0 %,0.0 %
Bulgaria,2012,Carbapenems,186,0,5,191,97.4 %,0.0 %,2.6 %
Bulgaria,2013,Carbapenems,170,1,5,176,96.6 %,0.6 %,2.8 %
Croatia,2010,Carbapenems,854,15,3,872,97.9 %,1.7 %,0.3 %
Croatia,2011,Carbapenems,983,0,0,983,100.0 %,0.0 %,0.0 %
Croatia,2012,Carbapenems,900,0,0,900,100.0 %,0.0 %,0.0 %
Croatia,2013,Carbapenems,1038,0,0,1038,100.0 %,0.0 %,0.0 %
Cyprus,2003,Carbapenems,19,0,0,19,100.0 %,0.0 %,0.0 %
Cyprus,2004,Carbapenems,46,0,0,46,100.0 %,0.0 %,0.0 %
Cyprus,2005,Carbapenems,73,0,0,73,100.0 %,0.0 %,0.0 %
Cyprus,2006,Carbapenems,90,0,0,90,100.0 %,0.0 %,0.0 %
Cyprus,2007,Carbapenems,106,0,2,108,98.1 %,0.0 %,1.9 %
Cyprus,2008,Carbapenems,119,0,0,119,100.0 %,0.0 %,0.0 %
Cyprus,2009,Carbapenems,133,0,0,133,100.0 %,0.0 %,0.0 %
Cyprus,2010,Carbapenems,137,0,1,138,99.3 %,0.0 %,0.7 %
Cyprus,2011,Carbapenems,137,0,1,138,99.3 %,0.0 %,0.7 %
Cyprus,2012,Carbapenems,176,0,0,176,100.0 %,0.0 %,0.0 %
Cyprus,2013,Carbapenems,161,1,0,162,99.4 %,0.6 %,0.0 %
Czech Republic,2001,Carbapenems,182,0,0,182,100.0 %,0.0 %,0.0 %
Czech Republic,2005,Carbapenems,87,0,0,87,100.0 %,0.0 %,0.0 %
Czech Republic,2006,Carbapenems,46,0,0,46,100.0 %,0.0 %,0.0 %
Czech Republic,2007,Carbapenems,885,0,2,887,99.8 %,0.0 %,0.2 %
Czech Republic,2008,Carbapenems,2112,0,1,2113,100.0 %,0.0 %,0.0 %
Czech Republic,2009,Carbapenems,1675,0,1,1676,99.9 %,0.0 %,0.1 %
Czech Republic,2010,Carbapenems,1636,10,1,1647,99.3 %,0.6 %,0.1 %
Czech Republic,2011,Carbapenems,1658,17,0,1675,99.0 %,1.0 %,0.0 %
Czech Republic,2012,Carbapenems,1718,10,1,1729,99.4 %,0.6 %,0.1 %
Czech Republic,2013,Carbapenems,1726,7,0,1733,99.6 %,0.4 %,0.0 %
Denmark,2005,Carbapenems,402,0,0,402,100.0 %,0.0 %,0.0 %
Denmark,2006,Carbapenems,164,0,1,165,99.4 %,0.0 %,0.6 %
Denmark,2007,Carbapenems,363,0,0,363,100.0 %,0.0 %,0.0 %
Denmark,2008,Carbapenems,1938,2,1,1941,99.8 %,0.1 %,0.1 %
Denmark,2009,Carbapenems,1495,0,0,1495,100.0 %,0.0 %,0.0 %
Denmark,2010,Carbapenems,2011,0,0,2011,100.0 %,0.0 %,0.0 %
Denmark,2011,Carbapenems,2265,0,0,2265,100.0 %,0.0 %,0.0 %
Denmark,2012,Carbapenems,2865,0,0,2865,100.0 %,0.0 %,0.0 %
Denmark,2013,Carbapenems,2831,0,1,2832,100.0 %,0.0 %,0.0 %
Estonia,2001,Carbapenems,35,0,0,35,100.0 %,0.0 %,0.0 %
Estonia,2002,Carbapenems,47,0,0,47,100.0 %,0.0 %,0.0 %
Estonia,2003,Carbapenems,68,0,0,68,100.0 %,0.0 %,0.0 %
Estonia,2004,Carbapenems,138,0,0,138,100.0 %,0.0 %,0.0 %
Estonia,2005,Carbapenems,112,0,0,112,100.0 %,0.0 %,0.0 %
Estonia,2006,Carbapenems,135,0,0,135,100.0 %,0.0 %,0.0 %
Estonia,2007,Carbapenems,155,0,0,155,100.0 %,0.0 %,0.0 %
Estonia,2008,Carbapenems,224,0,2,226,99.1 %,0.0 %,0.9 %
Estonia,2009,Carbapenems,240,0,0,240,100.0 %,0.0 %,0.0 %
Estonia,2010,Carbapenems,225,0,0,225,100.0 %,0.0 %,0.0 %
Estonia,2011,Carbapenems,233,0,0,233,100.0 %,0.0 %,0.0 %
Estonia,2012,Carbapenems,252,0,0,252,100.0 %,0.0 %,0.0 %
Estonia,2013,Carbapenems,281,2,0,283,99.3 %,0.7 %,0.0 %
Finland,2001,Carbapenems,648,0,0,648,100.0 %,0.0 %,0.0 %
Finland,2002,Carbapenems,1236,1,0,1237,99.9 %,0.1 %,0.0 %
Finland,2003,Carbapenems,1340,0,0,1340,100.0 %,0.0 %,0.0 %
Finland,2004,Carbapenems,1518,0,1,1519,99.9 %,0.0 %,0.1 %
Finland,2005,Carbapenems,1510,0,0,1510,100.0 %,0.0 %,0.0 %
Finland,2006,Carbapenems,1742,0,0,1742,100.0 %,0.0 %,0.0 %
Finland,2007,Carbapenems,1819,0,0,1819,100.0 %,0.0 %,0.0 %
Finland,2008,Carbapenems,2071,0,1,2072,100.0 %,0.0 %,0.0 %
Finland,2009,Carbapenems,2121,0,0,2121,100.0 %,0.0 %,0.0 %
Finland,2010,Carbapenems,2471,0,0,2471,100.0 %,0.0 %,0.0 %
Finland,2011,Carbapenems,3017,3,0,3020,99.9 %,0.1 %,0.0 %
Finland,2012,Carbapenems,3161,0,0,3161,100.0 %,0.0 %,0.0 %
Finland,2013,Carbapenems,3721,0,0,3721,100.0 %,0.0 %,0.0 %
France,2002,Carbapenems,1678,1,0,1679,99.9 %,0.1 %,0.0 %
France,2003,Carbapenems,1694,0,0,1694,100.0 %,0.0 %,0.0 %
France,2004,Carbapenems,4747,0,0,4747,100.0 %,0.0 %,0.0 %
France,2005,Carbapenems,5428,1,0,5429,100.0 %,0.0 %,0.0 %
France,2006,Carbapenems,5821,0,0,5821,100.0 %,0.0 %,0.0 %
France,2007,Carbapenems,7145,0,0,7145,100.0 %,0.0 %,0.0 %
France,2008,Carbapenems,7049,1,1,7051,100.0 %,0.0 %,0.0 %
France,2009,Carbapenems,7728,1,2,7731,100.0 %,0.0 %,0.0 %
France,2010,Carbapenems,8164,0,0,8164,100.0 %,0.0 %,0.0 %
France,2011,Carbapenems,8497,4,2,8503,99.9 %,0.0 %,0.0 %
France,2012,Carbapenems,9089,2,0,9091,100.0 %,0.0 %,0.0 %
France,2013,Carbapenems,9565,9,11,9585,99.8 %,0.1 %,0.1 %
Germany,2001,Carbapenems,37,0,0,37,100.0 %,0.0 %,0.0 %
Germany,2002,Carbapenems,146,0,0,146,100.0 %,0.0 %,0.0 %
Germany,2003,Carbapenems,210,0,0,210,100.0 %,0.0 %,0.0 %
Germany,2004,Carbapenems,713,2,5,720,99.0 %,0.3 %,0.7 %
Germany,2005,Carbapenems,804,2,2,808,99.5 %,0.2 %,0.2 %
Germany,2006,Carbapenems,740,2,1,743,99.6 %,0.3 %,0.1 %
Germany,2007,Carbapenems,947,5,2,954,99.3 %,0.5 %,0.2 %
Germany,2008,Carbapenems,1589,0,0,1589,100.0 %,0.0 %,0.0 %
Germany,2009,Carbapenems,2726,1,0,2727,100.0 %,0.0 %,0.0 %
Germany,2010,Carbapenems,2929,1,1,2931,99.9 %,0.0 %,0.0 %
Germany,2011,Carbapenems,3591,1,1,3593,99.9 %,0.0 %,0.0 %
Germany,2012,Carbapenems,4182,1,1,4184,100.0 %,0.0 %,0.0 %
Germany,2013,Carbapenems,5242,0,5,5247,99.9 %,0.0 %,0.1 %
Greece,2000,Carbapenems,275,4,3,282,97.5 %,1.4 %,1.1 %
Greece,2001,Carbapenems,389,1,4,394,98.7 %,0.3 %,1.0 %
Greece,2002,Carbapenems,553,1,2,556,99.5 %,0.2 %,0.4 %
Greece,2003,Carbapenems,1044,2,4,1050,99.4 %,0.2 %,0.4 %
Greece,2004,Carbapenems,1110,5,2,1117,99.4 %,0.4 %,0.2 %
Greece,2005,Carbapenems,1128,0,4,1132,99.6 %,0.0 %,0.4 %
Greece,2006,Carbapenems,1220,2,5,1227,99.4 %,0.2 %,0.4 %
Greece,2007,Carbapenems,1210,4,1,1215,99.6 %,0.3 %,0.1 %
Greece,2008,Carbapenems,1435,2,5,1442,99.5 %,0.1 %,0.3 %
Greece,2009,Carbapenems,1796,1,13,1810,99.2 %,0.1 %,0.7 %
Greece,2010,Carbapenems,1512,1,6,1519,99.5 %,0.1 %,0.4 %
Greece,2011,Carbapenems,1111,6,10,1127,98.6 %,0.5 %,0.9 %
Greece,2012,Carbapenems,1373,3,20,1396,98.4 %,0.2 %,1.4 %
Greece,2013,Carbapenems,1231,8,17,1256,98.0 %,0.6 %,1.4 %
Hungary,2001,Carbapenems,212,0,0,212,100.0 %,0.0 %,0.0 %
Hungary,2002,Carbapenems,305,0,0,305,100.0 %,0.0 %,0.0 %
Hungary,2003,Carbapenems,772,0,0,772,100.0 %,0.0 %,0.0 %
Hungary,2004,Carbapenems,847,1,2,850,99.6 %,0.1 %,0.2 %
Hungary,2005,Carbapenems,960,0,1,961,99.9 %,0.0 %,0.1 %
Hungary,2006,Carbapenems,1029,0,2,1031,99.8 %,0.0 %,0.2 %
Hungary,2007,Carbapenems,1053,0,0,1053,100.0 %,0.0 %,0.0 %
Hungary,2008,Carbapenems,984,0,1,985,99.9 %,0.0 %,0.1 %
Hungary,2009,Carbapenems,1028,1,0,1029,99.9 %,0.1 %,0.0 %
Hungary,2010,Carbapenems,1309,0,2,1311,99.8 %,0.0 %,0.2 %
Hungary,2011,Carbapenems,1150,0,1,1151,99.9 %,0.0 %,0.1 %
Hungary,2012,Carbapenems,1306,1,0,1307,99.9 %,0.1 %,0.0 %
Hungary,2013,Carbapenems,1353,0,2,1355,99.9 %,0.0 %,0.1 %
Iceland,2001,Carbapenems,70,0,0,70,100.0 %,0.0 %,0.0 %
Iceland,2002,Carbapenems,76,0,0,76,100.0 %,0.0 %,0.0 %
Iceland,2003,Carbapenems,87,0,0,87,100.0 %,0.0 %,0.0 %
Iceland,2004,Carbapenems,111,0,0,111,100.0 %,0.0 %,0.0 %
Iceland,2005,Carbapenems,117,0,0,117,100.0 %,0.0 %,0.0 %
Iceland,2006,Carbapenems,120,0,0,120,100.0 %,0.0 %,0.0 %
Iceland,2007,Carbapenems,88,0,0,88,100.0 %,0.0 %,0.0 %
Iceland,2008,Carbapenems,116,0,0,116,100.0 %,0.0 %,0.0 %
Iceland,2009,Carbapenems,98,1,0,99,99.0 %,1.0 %,0.0 %
Iceland,2010,Carbapenems,52,0,0,52,100.0 %,0.0 %,0.0 %
Iceland,2013,Carbapenems,1,0,0,1,100.0 %,0.0 %,0.0 %
Ireland,2002,Carbapenems,579,0,0,579,100.0 %,0.0 %,0.0 %
Ireland,2003,Carbapenems,744,0,1,745,99.9 %,0.0 %,0.1 %
Ireland,2004,Carbapenems,842,0,0,842,100.0 %,0.0 %,0.0 %
Ireland,2005,Carbapenems,1026,0,0,1026,100.0 %,0.0 %,0.0 %
Ireland,2006,Carbapenems,1233,0,0,1233,100.0 %,0.0 %,0.0 %
Ireland,2007,Carbapenems,1321,0,0,1321,100.0 %,0.0 %,0.0 %
Ireland,2008,Carbapenems,1447,0,0,1447,100.0 %,0.0 %,0.0 %
Ireland,2009,Carbapenems,1610,0,0,1610,100.0 %,0.0 %,0.0 %
Ireland,2010,Carbapenems,1940,0,0,1940,100.0 %,0.0 %,0.0 %
Ireland,2011,Carbapenems,2149,0,0,2149,100.0 %,0.0 %,0.0 %
Ireland,2012,Carbapenems,2369,0,0,2369,100.0 %,0.0 %,0.0 %
Ireland,2013,Carbapenems,2475,0,1,2476,100.0 %,0.0 %,0.0 %
Italy,2007,Carbapenems,977,0,1,978,99.9 %,0.0 %,0.1 %
Italy,2008,Carbapenems,45,0,0,45,100.0 %,0.0 %,0.0 %
Italy,2009,Carbapenems,849,0,0,849,100.0 %,0.0 %,0.0 %
Italy,2010,Carbapenems,2589,1,3,2593,99.8 %,0.0 %,0.1 %
Italy,2011,Carbapenems,1851,0,3,1854,99.8 %,0.0 %,0.2 %
Italy,2012,Carbapenems,3010,3,8,3021,99.6 %,0.1 %,0.3 %
Italy,2013,Carbapenems,3956,8,25,3989,99.2 %,0.2 %,0.6 %
Latvia,2006,Carbapenems,58,0,0,58,100.0 %,0.0 %,0.0 %
Latvia,2007,Carbapenems,74,0,0,74,100.0 %,0.0 %,0.0 %
Latvia,2008,Carbapenems,84,1,0,85,98.8 %,1.2 %,0.0 %
Latvia,2009,Carbapenems,83,0,2,85,97.6 %,0.0 %,2.4 %
Latvia,2010,Carbapenems,96,0,0,96,100.0 %,0.0 %,0.0 %
Latvia,2011,Carbapenems,131,0,0,131,100.0 %,0.0 %,0.0 %
Latvia,2012,Carbapenems,153,0,0,153,100.0 %,0.0 %,0.0 %
Latvia,2013,Carbapenems,135,0,0,135,100.0 %,0.0 %,0.0 %
Lithuania,2006,Carbapenems,159,1,0,160,99.4 %,0.6 %,0.0 %
Lithuania,2007,Carbapenems,218,0,0,218,100.0 %,0.0 %,0.0 %
Lithuania,2008,Carbapenems,284,0,0,284,100.0 %,0.0 %,0.0 %
Lithuania,2009,Carbapenems,287,0,0,287,100.0 %,0.0 %,0.0 %
Lithuania,2010,Carbapenems,238,0,0,238,100.0 %,0.0 %,0.0 %
Lithuania,2011,Carbapenems,1,0,0,1,100.0 %,0.0 %,0.0 %
Lithuania,2012,Carbapenems,450,0,0,450,100.0 %,0.0 %,0.0 %
Lithuania,2013,Carbapenems,433,0,0,433,100.0 %,0.0 %,0.0 %
Luxembourg,2001,Carbapenems,172,0,0,172,100.0 %,0.0 %,0.0 %
Luxembourg,2002,Carbapenems,133,0,0,133,100.0 %,0.0 %,0.0 %
Luxembourg,2003,Carbapenems,164,0,0,164,100.0 %,0.0 %,0.0 %
Luxembourg,2004,Carbapenems,171,0,0,171,100.0 %,0.0 %,0.0 %
Luxembourg,2005,Carbapenems,166,0,0,166,100.0 %,0.0 %,0.0 %
Luxembourg,2006,Carbapenems,9,0,0,9,100.0 %,0.0 %,0.0 %
Luxembourg,2007,Carbapenems,56,0,0,56,100.0 %,0.0 %,0.0 %
Luxembourg,2008,Carbapenems,12,0,0,12,100.0 %,0.0 %,0.0 %
Luxembourg,2009,Carbapenems,286,0,0,286,100.0 %,0.0 %,0.0 %
Luxembourg,2010,Carbapenems,340,0,0,340,100.0 %,0.0 %,0.0 %
Luxembourg,2011,Carbapenems,349,2,0,351,99.4 %,0.6 %,0.0 %
Luxembourg,2012,Carbapenems,333,0,0,333,100.0 %,0.0 %,0.0 %
Luxembourg,2013,Carbapenems,295,0,0,295,100.0 %,0.0 %,0.0 %
Malta,2001,Carbapenems,64,0,0,64,100.0 %,0.0 %,0.0 %
Malta,2002,Carbapenems,74,0,0,74,100.0 %,0.0 %,0.0 %
Malta,2003,Carbapenems,87,0,0,87,100.0 %,0.0 %,0.0 %
Malta,2004,Carbapenems,89,1,0,90,98.9 %,1.1 %,0.0 %
Malta,2005,Carbapenems,85,0,0,85,100.0 %,0.0 %,0.0 %
Malta,2006,Carbapenems,94,0,0,94,100.0 %,0.0 %,0.0 %
Malta,2007,Carbapenems,116,1,0,117,99.1 %,0.9 %,0.0 %
Malta,2008,Carbapenems,124,0,0,124,100.0 %,0.0 %,0.0 %
Malta,2009,Carbapenems,156,0,2,158,98.7 %,0.0 %,1.3 %
Malta,2010,Carbapenems,192,0,0,192,100.0 %,0.0 %,0.0 %
Malta,2011,Carbapenems,218,1,0,219,99.5 %,0.5 %,0.0 %
Malta,2012,Carbapenems,216,0,0,216,100.0 %,0.0 %,0.0 %
Malta,2013,Carbapenems,247,1,0,248,99.6 %,0.4 %,0.0 %
Netherlands,2000,Carbapenems,689,1,2,692,99.6 %,0.1 %,0.3 %
Netherlands,2001,Carbapenems,932,0,1,933,99.9 %,0.0 %,0.1 %
Netherlands,2002,Carbapenems,1575,1,0,1576,99.9 %,0.1 %,0.0 %
Netherlands,2003,Carbapenems,1499,2,0,1501,99.9 %,0.1 %,0.0 %
Netherlands,2004,Carbapenems,1171,1,3,1175,99.7 %,0.1 %,0.3 %
Netherlands,2005,Carbapenems,1394,0,1,1395,99.9 %,0.0 %,0.1 %
Netherlands,2006,Carbapenems,2113,0,1,2114,100.0 %,0.0 %,0.0 %
Netherlands,2007,Carbapenems,1864,1,1,1866,99.9 %,0.1 %,0.1 %
Netherlands,2008,Carbapenems,2217,0,1,2218,100.0 %,0.0 %,0.0 %
Netherlands,2009,Carbapenems,2362,0,0,2362,100.0 %,0.0 %,0.0 %
Netherlands,2010,Carbapenems,3380,0,0,3380,100.0 %,0.0 %,0.0 %
Netherlands,2011,Carbapenems,4404,1,0,4405,100.0 %,0.0 %,0.0 %
Netherlands,2012,Carbapenems,4700,0,1,4701,100.0 %,0.0 %,0.0 %
Netherlands,2013,Carbapenems,4724,1,1,4726,100.0 %,0.0 %,0.0 %
Norway,1999,Carbapenems,473,2,1,476,99.4 %,0.4 %,0.2 %
Norway,2000,Carbapenems,617,0,1,618,99.8 %,0.0 %,0.2 %
Norway,2001,Carbapenems,622,0,0,622,100.0 %,0.0 %,0.0 %
Norway,2002,Carbapenems,752,0,1,753,99.9 %,0.0 %,0.1 %
Norway,2003,Carbapenems,780,2,0,782,99.7 %,0.3 %,0.0 %
Norway,2004,Carbapenems,927,9,0,936,99.0 %,1.0 %,0.0 %
Norway,2005,Carbapenems,1107,3,0,1110,99.7 %,0.3 %,0.0 %
Norway,2006,Carbapenems,1380,2,1,1383,99.8 %,0.1 %,0.1 %
Norway,2007,Carbapenems,1456,0,0,1456,100.0 %,0.0 %,0.0 %
Norway,2008,Carbapenems,1541,2,1,1544,99.8 %,0.1 %,0.1 %
Norway,2009,Carbapenems,1577,0,0,1577,100.0 %,0.0 %,0.0 %
Norway,2010,Carbapenems,2089,0,0,2089,100.0 %,0.0 %,0.0 %
Norway,2011,Carbapenems,2586,1,1,2588,99.9 %,0.0 %,0.0 %
Norway,2012,Carbapenems,3022,1,0,3023,100.0 %,0.0 %,0.0 %
Norway,2013,Carbapenems,3075,2,2,3079,99.9 %,0.1 %,0.1 %
Poland,2001,Carbapenems,3,0,0,3,100.0 %,0.0 %,0.0 %
Poland,2002,Carbapenems,5,0,0,5,100.0 %,0.0 %,0.0 %
Poland,2004,Carbapenems,11,0,0,11,100.0 %,0.0 %,0.0 %
Poland,2005,Carbapenems,8,0,0,8,100.0 %,0.0 %,0.0 %
Poland,2006,Carbapenems,9,0,0,9,100.0 %,0.0 %,0.0 %
Poland,2007,Carbapenems,5,0,0,5,100.0 %,0.0 %,0.0 %
Poland,2008,Carbapenems,3,0,0,3,100.0 %,0.0 %,0.0 %
Poland,2009,Carbapenems,556,0,0,556,100.0 %,0.0 %,0.0 %
Poland,2010,Carbapenems,702,0,1,703,99.9 %,0.0 %,0.1 %
Poland,2011,Carbapenems,1062,1,1,1064,99.8 %,0.1 %,0.1 %
Poland,2012,Carbapenems,970,0,0,970,100.0 %,0.0 %,0.0 %
Poland,2013,Carbapenems,938,0,0,938,100.0 %,0.0 %,0.0 %
Portugal,2007,Carbapenems,242,0,1,243,99.6 %,0.0 %,0.4 %
Portugal,2008,Carbapenems,429,1,0,430,99.8 %,0.2 %,0.0 %
Portugal,2009,Carbapenems,1662,1,3,1666,99.8 %,0.1 %,0.2 %
Portugal,2010,Carbapenems,1439,0,4,1443,99.7 %,0.0 %,0.3 %
Portugal,2011,Carbapenems,1755,0,0,1755,100.0 %,0.0 %,0.0 %
Portugal,2012,Carbapenems,2037,1,3,2041,99.8 %,0.0 %,0.1 %
Portugal,2013,Carbapenems,2663,2,3,2668,99.8 %,0.1 %,0.1 %
Romania,2002,Carbapenems,23,0,0,23,100.0 %,0.0 %,0.0 %
Romania,2003,Carbapenems,39,0,0,39,100.0 %,0.0 %,0.0 %
Romania,2004,Carbapenems,36,0,1,37,97.3 %,0.0 %,2.7 %
Romania,2005,Carbapenems,75,0,0,75,100.0 %,0.0 %,0.0 %
Romania,2006,Carbapenems,32,0,1,33,97.0 %,0.0 %,3.0 %
Romania,2007,Carbapenems,58,0,0,58,100.0 %,0.0 %,0.0 %
Romania,2008,Carbapenems,55,0,0,55,100.0 %,0.0 %,0.0 %
Romania,2009,Carbapenems,11,0,0,11,100.0 %,0.0 %,0.0 %
Romania,2010,Carbapenems,31,0,0,31,100.0 %,0.0 %,0.0 %
Romania,2011,Carbapenems,47,0,0,47,100.0 %,0.0 %,0.0 %
Romania,2012,Carbapenems,182,0,0,182,100.0 %,0.0 %,0.0 %
Romania,2013,Carbapenems,299,0,0,299,100.0 %,0.0 %,0.0 %
Slovakia,2002,Carbapenems,147,0,1,148,99.3 %,0.0 %,0.7 %
Slovakia,2003,Carbapenems,154,0,0,154,100.0 %,0.0 %,0.0 %
Slovakia,2004,Carbapenems,180,0,0,180,100.0 %,0.0 %,0.0 %
Slovakia,2005,Carbapenems,97,0,0,97,100.0 %,0.0 %,0.0 %
Slovakia,2011,Carbapenems,704,1,0,705,99.9 %,0.1 %,0.0 %
Slovakia,2012,Carbapenems,652,1,6,659,98.9 %,0.2 %,0.9 %
Slovakia,2013,Carbapenems,588,0,0,588,100.0 %,0.0 %,0.0 %
Slovenia,2002,Carbapenems,128,0,0,128,100.0 %,0.0 %,0.0 %
Slovenia,2003,Carbapenems,196,0,0,196,100.0 %,0.0 %,0.0 %
Slovenia,2004,Carbapenems,347,0,0,347,100.0 %,0.0 %,0.0 %
Slovenia,2005,Carbapenems,378,0,0,378,100.0 %,0.0 %,0.0 %
Slovenia,2006,Carbapenems,486,0,0,486,100.0 %,0.0 %,0.0 %
Slovenia,2007,Carbapenems,640,0,0,640,100.0 %,0.0 %,0.0 %
Slovenia,2008,Carbapenems,844,0,0,844,100.0 %,0.0 %,0.0 %
Slovenia,2009,Carbapenems,891,0,0,891,100.0 %,0.0 %,0.0 %
Slovenia,2010,Carbapenems,922,0,0,922,100.0 %,0.0 %,0.0 %
Slovenia,2011,Carbapenems,1002,0,0,1002,100.0 %,0.0 %,0.0 %
Slovenia,2012,Carbapenems,1167,1,0,1168,99.9 %,0.1 %,0.0 %
Slovenia,2013,Carbapenems,1223,0,1,1224,99.9 %,0.0 %,0.1 %
Spain,2001,Carbapenems,1052,1,1,1054,99.8 %,0.1 %,0.1 %
Spain,2002,Carbapenems,1460,0,0,1460,100.0 %,0.0 %,0.0 %
Spain,2003,Carbapenems,1995,0,0,1995,100.0 %,0.0 %,0.0 %
Spain,2004,Carbapenems,3055,0,0,3055,100.0 %,0.0 %,0.0 %
Spain,2005,Carbapenems,2758,0,1,2759,100.0 %,0.0 %,0.0 %
Spain,2006,Carbapenems,3095,0,1,3096,100.0 %,0.0 %,0.0 %
Spain,2007,Carbapenems,3266,1,0,3267,100.0 %,0.0 %,0.0 %
Spain,2008,Carbapenems,3334,0,0,3334,100.0 %,0.0 %,0.0 %
Spain,2009,Carbapenems,3542,0,0,3542,100.0 %,0.0 %,0.0 %
Spain,2010,Carbapenems,5695,0,1,5696,100.0 %,0.0 %,0.0 %
Spain,2011,Carbapenems,5592,0,1,5593,100.0 %,0.0 %,0.0 %
Spain,2012,Carbapenems,5650,17,3,5670,99.6 %,0.3 %,0.1 %
Spain,2013,Carbapenems,5876,1,44,5921,99.2 %,0.0 %,0.7 %
Sweden,2005,Carbapenems,46,0,0,46,100.0 %,0.0 %,0.0 %
Sweden,2006,Carbapenems,1,0,0,1,100.0 %,0.0 %,0.0 %
Sweden,2007,Carbapenems,3098,1,0,3099,100.0 %,0.0 %,0.0 %
Sweden,2008,Carbapenems,3152,2,0,3154,99.9 %,0.1 %,0.0 %
Sweden,2009,Carbapenems,1,0,0,1,100.0 %,0.0 %,0.0 %
Sweden,2012,Carbapenems,207,0,0,207,100.0 %,0.0 %,0.0 %
Sweden,2013,Carbapenems,7345,0,2,7347,100.0 %,0.0 %,0.0 %
United Kingdom,2006,Carbapenems,1466,0,3,1469,99.8 %,0.0 %,0.2 %
United Kingdom,2007,Carbapenems,1542,0,1,1543,99.9 %,0.0 %,0.1 %
United Kingdom,2008,Carbapenems,1434,0,2,1436,99.9 %,0.0 %,0.1 %
United Kingdom,2009,Carbapenems,3457,1,1,3459,99.9 %,0.0 %,0.0 %
United Kingdom,2010,Carbapenems,4024,0,1,4025,100.0 %,0.0 %,0.0 %
United Kingdom,2011,Carbapenems,4633,4,3,4640,99.8 %,0.1 %,0.1 %
United Kingdom,2012,Carbapenems,5171,0,11,5182,99.8 %,0.0 %,0.2 %
United Kingdom,2013,Carbapenems,6248,0,3,6251,100.0 %,0.0 %,0.0 %
